72000,1.0
676599,1.0
2917965,1.0
169430,0.99999124
2745518,0.9999883
28116,0.99996465
2419774,0.9992914
1534349,0.99666375
550983,0.9946039
1534348,0.99275166
582475,0.99159193
2592654,0.9871021
2495582,0.98048556
388459,0.9783995
431061,0.9641122
1869227,0.96371645
1786,0.9568964
2728851,0.9413266
76731,0.8830255
173676,0.8701914
1117702,0.86828756
1703345,0.86809325
354355,0.8677387
2569763,0.84490407
1256514,0.8041478
48936,0.79921377
1431246,0.7805649
36814,0.7753207
40324,0.7594271
1391222,0.75843954
1799,0.75396585
